#CHROM	POS	ID	A1	A2	BETA	SE	PVAL	NGT	FCAS	FCON	IMPINFO	NEFFDIV2	NCAS	NCON	DIRE
10	34258488	rs11009607	A	G	0.00939572164036218	0.0119	0.4278	25	0.797	0.798	0.941	50981.48	41917	371549	+----++--+++++++---++-+-+++--++++++--+--+--+----+++-++-++
10	34144725	rs12217716	A	G	0.00570370291667803	0.0096	0.5568	1	0.596	0.572	0.971	50981.48	41917	371549	+--+-++++---+-+++---+--++--+--++-++-++-++++-+--+-+++-----
10	38117570	rs9417264	A	G	0.013202462677756	0.0134	0.3269	1	0.86	0.847	0.99	50981.48	41917	371549	+++++--+--+-+-+++-+--+-+--+++----+-+-+++-+++-+-++-++++-++
10	34459338	rs2008617	A	T	0.0154007965760229	0.0283	0.5853	1	0.971	0.967	0.986	49333.68	40499	366928	-?++++?++--+++++--+---+-?-+--++?--++-+--+?-++-+-+++-??-??
10	34437906	rs2799453	G	A	-0.0078003437327339	0.0097	0.4213	6	0.381	0.369	0.977	50981.48	41917	371549	+-+-++-++-++++++---+++++-++----++-----+-+---+-+-+++-+-+++
10	35471873	rs12762493	G	A	-0.0178992398878318	0.0098	0.06622	1	0.651	0.669	1	50981.48	41917	371549	+-+--+--++++-+-+--++------++++++-++--+++---++++++-+-+-++-
10	37297852	rs2251821	G	A	0.00529595165918251	0.0094	0.5704	1	0.531	0.532	0.988	50981.48	41917	371549	++---+++++---++--+--+----++--+-+++-++-+++--+-+-+--+---++-
10	38425634	rs74330008	G	T	0.0046989426564652	0.0202	0.8147	1	0.943	0.944	0.987	50828.52	41816	371234	-+--+-+---+--+++++--+-+++-+--+-0++--+-+++-----+-++++-?-+-
10	30895905	rs76825267	C	T	0.00730326611012007	0.0206	0.7223	1	0.941	0.928	0.894	50772.41	41587	371396	-+-+-+++-++-++-+--+--++-----+--++-++-+++--++------++?+-?+
10	37876702	rs1884928	T	C	-0.00369682484428976	0.0098	0.7073	1	0.337	0.328	1	50981.48	41917	371549	++-+----+----+-+-+---+-+++-++----+-----+-+--+++-+++-+--+-
10	35455336	rs35847586	A	G	-0.0177974390305806	0.0097	0.06706	1	0.652	0.669	1	50981.48	41917	371549	++-++-++----+-+-++--++++++------+--++---+++------+-+-+--+
10	32707274	rs2490479	C	T	0.00330453400830047	0.0094	0.7289	1	0.468	0.46	0.98	50981.48	41917	371549	-++++--+----++-+++-+++-++-+---+---++-+++-+-+-+++++-++++--
10	31142480	rs11008286	G	A	0.000799680170564244	0.0095	0.9308	3	0.602	0.563	0.993	50981.48	41917	371549	--++++++++--+----+--++++++0--++----+-++++--++-++++++--+-+
10	33504506	rs2300951	T	C	0.00239712459972145	0.0106	0.8223	1	0.714	0.72	0.994	50981.48	41917	371549	+-++----++--+-+--+----+--++++-++--+--++--++--+---+---+++-
10	38391376	rs2504133	A	C	0.0080971295874548	0.0109	0.4565	1	0.758	0.758	0.994	50981.48	41917	371549	--+-++++--+-+++--++-+-++--+--++++-+----++-+--+++--++-++-+
10	39117466	rs12571003	A	G	0.00939572164036218	0.012	0.4325	0	0.503	0.505	0.644	49240.53	40590	353367	--+-++-+--+-+-+--++-?-++--+-+++---++-+++-++++--+?-++-++++
10	36511451	rs11010572	G	A	-0.00280392733273426	0.012	0.8146	38	0.812	0.81	0.988	50981.48	41917	371549	++-++---++---+-+-++-++--+-+-++++--+++--+++-+++++++----++-
10	35004417	rs11593692	A	T	0.0270994698817177	0.0287	0.3443	1	0.968	0.973	0.895	48517.92	39709	366085	+?-+++?-++++++++++--?+--?-+--++++--+++-++?++-+-----+??-??
10	38515334	rs1740741	C	T	0.0088011559530687	0.0097	0.3626	1	0.59	0.588	0.95	50981.48	41917	371549	++++--+-++-+-+-++-++-+--++-++--+++--++--+--++++-++--+-+--
10	36940703	rs3006967	G	A	0.00819631822448586	0.01	0.4122	1	0.404	0.38	0.915	50981.48	41917	371549	++-+++--+-+--+---++++----+--+--+--+-+-++-++-++-+--++-+---
10	38001299	rs16937566	C	T	-0.0286978729475453	0.041	0.4838	0	0.985	0.985	0.988	43627.07	36026	341683	??+??+??+--+----+??---+??+++++????-?+??+??--++--?+--??+??
10	30190214	rs74130503	G	A	0.014504302202808	0.0403	0.7191	0	0.984	0.986	0.988	42264.4	35583	300132	??-??+??+-++-+-++-?----+?-+?-++???+?+??-??--++-+??-+??-??
10	38726188	rs17595487	C	T	-0.00310481495347876	0.0207	0.8795	1	0.929	0.941	0.805	49945.21	40853	370510	++-+----++---++++-++?+-++---+--+++---++--+++++---+--+--?-
10	31374166	rs12244754	C	A	0.00600195219563434	0.0117	0.6091	18	0.804	0.803	1	50981.48	41917	371549	-+-------+++++++-+-+----+-+++-++--+-+---++-+++--+-++++-+-
10	32435188	rs4749711	C	A	0.0143958802837323	0.0106	0.172	18	0.739	0.73	0.998	50981.48	41917	371549	+-+----+-++-++---++-++-+-+++----+------+-+-++-+-+--+--+++
10	35496441	rs75247344	C	T	0.00850374049122079	0.0124	0.4946	1	0.828	0.832	0.992	50981.48	41917	371549	--+--+-+++-----+-++----+-+--++++--+---++---+-+++++-+++---
10	33264180	rs11009162	A	G	0.00330453400830047	0.0132	0.8015	30	0.85	0.85	0.99	50981.48	41917	371549	-++--+++----+++-++-+-+-++---+-----+-+++--+--++-++-+---++-
