CHR POS
22 27895825
15 101087280
4 165066167
16 60164054
7 141092191
12 52117093
18 583274
15 55611804
5 5093940
18 13836756
4 172682884
13 99066034
5 128352880
11 107193410
5 153568164
5 144393385
2 83587173
2 34763641
17 58843058
21 39232216
20 11377276
11 69589142
4 59828354
14 80069683
21 46853482
1 44028962
5 8315073
14 71305485
17 34434181
17 68977877
3 94260721
8 1861971
1 195870879
3 59784509
13 84616050
6 66772704
19 53012857
5 57906749
7 123001600
10 37712642
7 41197170
13 36113758
11 73755398
13 26840163
10 36401541
1 193908726
10 58734995
17 78422438
3 111937667
11 13110993
8 74350011
6 112272805
7 13110152
2 234613677
10 99559633
9 110380582
7 44764995
10 23643481
19 28526946
3 25618692
12 87121911
1 179807320
17 20894957
6 25412987
12 94391810
11 17502129
10 81811072
19 30684358
6 72800249
7 10600747
1 175213286
2 173325122
4 142755426
13 44888247
4 93370810
22 47776528
10 24470002
21 16126639
10 109671020
1 243025640
1 87848315
5 150517633
22 50877166
7 125288271
1 94214656
3 132466045
10 22790884
5 124995777
8 127295804
14 48433396
4 127771422
4 121914147
22 33171086
5 55141513
9 75980578
1 242704226
2 36740643
14 93031325
11 30084418
5 157242919
15 71811511
6 128863512
4 16930432
5 180112165
2 4556349
4 64589131
19 1929169
1 50722989
18 1533927
3 86994763
13 82016774
6 56118037
2 112916869
6 62246561
18 72502997
10 30856048
9 137871167
12 124688839
4 182427024
21 47013405
17 54081174
7 46390040
4 108156589
16 16097975
6 65745435
10 71060621
13 91466652
13 91151095
1 102094194
6 29777814
7 16965719
11 124389365
4 40802503
4 82850971
17 72172973
9 4577963
9 15236008
4 121778360
5 137171477
4 16209019
18 54031448
2 205616346
10 1357128
13 23255141
1 226762368
3 194864359
5 28334807
12 120040267
3 129599984
7 1740790
7 34917205
13 25705850
1 171799990
10 83571584
2 206205729
10 111765056
20 60040635
22 48743330
14 68890177
2 231543242
11 35300122
5 73449499
10 57258602
7 131945448
15 79397843
1 41717322
3 137717991
2 106609778
9 71724366
9 38151028
4 5717819
12 43100957
14 34807423
2 123510229
22 19615168
14 105365156
3 121942942
15 92321911
5 164583629
19 54139642
3 181064455
7 81502697
21 43835827
21 47582102
13 62855995
10 113086588
2 11242242
3 94340505
12 63688317
16 73872154
20 12635895
11 88971134
7 31417169
1 162930173
16 78259281
1 182110641
9 116842009
3 62116187
2 192043703
9 96644025
13 77434422
11 112141694
12 82791072
9 84372663
9 137016056
3 2638138
6 37883544
1 221833258
5 34588611
7 62724929
7 105257560
9 13002291
18 71143699
6 169018759
16 4584406
4 172719184
12 82445369
2 142558561
10 13494876
1 223657265
20 14119529
5 158949047
4 75778967
16 1916347
1 18939509
7 119967395
2 132972470
3 187036080
13 76316209
5 100712130
6 156455969
8 84165230
1 34829829
5 100709148
1 199374696
13 43926263
3 105002129
4 55200214
16 60772030
3 144473747
12 79310977
4 62577213
2 62613976
2 99456946
17 20403482
6 164711772
17 78088455
22 17395724
1 194777916
3 33178908
2 52215641
4 177681259
20 44384535
8 135322582
12 133164584
3 146164878
5 26148604
4 26772636
6 38903852
14 25103409
5 120966235
2 215918952
2 57490260
10 129141088
20 11046572
6 17122321
20 8165743
3 190357721
1 239611254
1 192618300
2 86098254
3 175548918
8 125843663
15 52668822
10 43366308
10 58818376
3 131345603
14 74624826
2 124527551
9 4953916
10 67604885
1 57375871
7 21721600
11 81494020
7 138592242
13 23325480
7 111576093
11 54828948
14 22182096
4 9021058
1 164173346
5 50216105
1 198590366
5 16795012
18 14881992
18 10722090
9 113879512
11 112270660
3 12541265
1 216812324
9 29114478
21 20247657
10 99208609
20 5397244
11 2094762
7 115247079
11 3244029
12 88251900
1 233280001
20 46338320
6 119701547
11 110735823
5 7238501
6 161522478
13 99221661
4 94968390
7 108049397
11 25243789
4 168800615
6 22913739
11 130414599
12 4738611
5 144283536
12 99409521
1 164534207
9 28261586
3 13016710
4 108801664
5 7758039
4 26182139
7 16302995
6 39236515
11 87803429
8 5713827
9 93027048
4 131077251
13 77116269
10 103418258
6 149185303
5 148697699
11 33230333
12 126711923
3 148463336
14 51478623
12 94564725
1 234956177
6 132246366
1 195312662
13 22841601
16 58987629
18 70940578
1 247278902
5 68522298
15 36562154
12 94379705
7 66527500
2 17887049
1 246086255
6 116095371
18 19699356
6 91697133
5 57361321
9 66301884
16 19255012
5 33991136
11 15553446
13 107516247
6 96756614
5 155011555
4 133746247
6 145738465
1 227620127
4 136143861
5 98630741
4 45919001
5 154875760
3 45693996
10 125196872
9 84064100
5 80638258
6 30350325
4 63011945
8 15112379
22 39243330
6 158223399
1 28096251
12 87780365
18 52575785
5 143601136
21 14953165
17 56736659
14 87183522
4 4298297
3 22031752
10 3140318
5 55406952
10 112474189
21 45633083
7 147549030
14 78052568
2 80188021
14 96562633
7 48193730
10 89894501
12 32924219
1 212098032
11 13931518
3 195908715
7 47119098
17 11396900
3 109391713
11 55701956
12 44275916
1 109355899
12 132291061
13 39227463
1 15576361
4 91688711
2 90214245
9 105661102
4 63654687
9 106205224
9 24200489
10 52973312
20 18331081
3 69542340
3 62651315
10 91596427
6 165077992
14 76815455
2 240650346
7 76608143
3 79095223
5 169816374
6 148237136
22 16932517
2 70558105
4 82871411
13 65599809
5 170880809
5 153247305
5 145862463
2 31060683
3 186153201
10 96781920
2 207178872
5 2725974
10 20788503
13 95858058
7 91408745
9 68375933
7 132423114
10 35014085
6 149238522
6 128269592
11 25818836
2 59344222
18 4059835
1 237230602
3 173478233
16 51005357
5 127214163
3 195372982
4 162175988
3 196361543
2 42499829
9 101312896
4 28586865
20 3505035
1 8274807
10 131352115
10 10139629
9 10255466
10 133086814
2 58887039
8 16256215
12 123936016
16 49503573
10 82287527
13 111772414
5 65061405
8 6818477
3 114985238
3 1988892
19 5844649
3 5450470
3 53801584
17 7170665
3 173232659
1 234633308
12 117873198
6 93209853
7 4174389
5 119116819
16 1888486
15 43401074
8 143963571
8 96920174
10 130145344
15 94989554
17 48399803
5 133568505
3 32781791
10 90675317
2 155698202
13 48285114
9 25164026
19 29118200
11 10205451
5 165166015
16 6561865
8 130015926
6 10153520
3 16298676
18 27384132
20 57655657
4 133255421
3 161468400
4 40582705
4 38809490
7 55400990
7 71651051
2 171600018
17 72408682
11 112688378
7 134033362
5 123109036
6 6130218
4 153281973
9 29000166
3 61136894
8 41283328
6 108196728
12 51918998
3 32673266
3 193861585
3 121966952
10 56696958
6 28205502
11 30060365
4 82754646
13 92794111
9 31202778
6 32518069
19 6627883
7 115123571
5 80951215
3 32046602
2 154113787
6 31316324
8 127166948
1 62225073
8 81443787
4 39055891
4 22507661
8 66103925
2 156599756
4 38418543
10 131712639
3 181047451
10 68955225
16 81152206
3 190322277
8 105475837
1 146538230
12 91967528
5 128297106
7 93244076
4 78344744
3 134410803
20 32342022
10 24777877
14 56512590
2 30806308
19 24167222
16 80620560
3 153287113
3 132070140
2 204322298
5 169664881
8 33917892
10 124889006
1 19678473
2 37053444
14 88665420
1 43426915
11 27310871
3 141886120
13 93543049
2 120140733
6 20579802
4 32937992
9 120623372
2 106938786
5 162612565
8 98494081
19 15292437
3 169210113
4 64195781
10 72267876
17 74595288
6 24956789
3 17117747
4 59456481
5 84336691
1 69845227
2 867187
4 153703306
11 127625736
19 18593726
10 122700999
22 26036790
11 76085259
13 21132928
19 23614916
9 101271647
5 137556790
1 56168510
1 26475257
4 45142291
9 8626606
12 104506922
7 107478227
7 14984789
5 116563916
5 144233358
1 225107191
1 171652584
6 164297589
5 98687560
2 233491377
12 33185988
10 60311724
13 30576035
8 60976870
9 92303174
14 93322477
11 113112689
6 7316276
6 108960025
7 30864648
1 211439817
1 14039816
4 83957618
11 1656619
12 78544665
1 53470605
7 106335638
7 125084063
1 194381339
1 175049405
4 153079261
13 102905263
11 6626072
12 45726093
13 25263004
7 123275484
12 76536848
6 91608929
3 99030621
13 69694225
5 32553266
4 104506389
5 84017368
4 35527004
16 78369760
22 24400869
5 138110594
5 62611991
16 73612411
6 21213554
1 207685965
21 16213801
13 105033672
6 150808313
3 135775510
10 78500483
11 91623815
6 90009311
9 107044173
15 98183548
19 1086352
9 136387366
5 160247040
8 13212734
6 110598947
13 46373812
3 145344597
5 9216144
7 97108792
17 4969358
12 83529560
19 10600753
11 8214695
14 39992243
2 140313443
11 45809645
22 19122945
11 96462707
3 163661839
10 27899858
22 35018542
14 107002142
20 9748945
6 151023995
10 117665076
3 3249669
14 72275184
3 147694
10 29016974
12 9559056
7 20218137
6 152107936
5 80844549
15 73637133
19 2242390
8 21934769
7 67944246
1 21352024
5 119437639
6 51492605
18 44749884
13 105049395
10 65280164
3 114753583
2 76954591
11 21015385
18 20098681
9 131410276
12 32837534
14 20491708
12 70331521
1 163815917
9 108495151
2 74435332
14 40697512
6 74343662
1 175523242
1 65117762
10 83639303
1 208768310
5 144609240
10 10312863
13 23876181
9 108231317
1 3141169
18 55253710
1 178024035
2 223238807
4 13143536
8 857818
8 88472362
16 52361766
12 11580811
20 22948658
3 194615364
1 187330303
7 37938438
6 52092714
1 8217608
7 831891
18 37819850
5 177584545
8 69708954
15 61351806
3 13863210
3 184685539
19 36768160
15 23902324
1 169147236
17 72198661
3 4346926
10 134047293
6 63362816
5 142728346
12 17980903
10 29144856
8 139080406
5 71033957
7 125480859
15 24089418
2 231506328
5 131715011
6 145561500
6 28458169
17 66299023
6 166586982
6 169115590
14 88514322
10 132843764
20 3929846
11 76448859
22 17867152
5 153724796
2 235445711
3 133005613
7 107524548
2 10288875
10 127914354
15 84790476
14 29802175
5 132218461
3 21190267
12 55697274
7 158875666
13 46113399
3 87321560
16 3093301
11 36223331
6 157309673
11 125051154
2 2783325
16 78433548
5 88378600
8 134051967
12 15085614
1 11810505
6 24011374
5 170766744
5 73329307
7 56583397
17 10223422
2 66042101
5 97581442
17 33559987
7 107777845
7 153215697
7 97311710
14 51728941
14 76287061
2 100930134
5 22669295
1 212265420
10 30240187
5 14335941
11 103823897
19 37193281
8 101657661
8 138008526
4 39197711
11 13113310
18 53952653
2 126846601
11 68183069
13 34910005
5 119545635
16 19076139
22 32406766
6 125298036
3 26798069
3 31162729
4 153969403
14 58045601
6 164993944
12 90231778
12 129182751
13 36225730
22 21092170
1 73018969
10 73714487
13 105179350
17 14887959
14 102559779
15 73850626
12 32664437
3 169392323
6 43917892
9 8749428
17 25619947
8 62103792
7 23872409
2 116805220
5 139748618
7 3141756
6 120221099
16 77897033
13 77894806
8 11261961
12 126287830
9 88899739
7 30929257
12 58049923
2 144076106
2 30659006
6 70086946
11 92031796
14 51909334
10 96946535
12 29063122
20 42196994
3 72588010
22 50087337
1 191765886
2 104768424
8 21296977
7 54095320
19 56114678
20 56112197
9 86728634
15 44439380
12 61615861
5 83327176
6 14208019
5 121971957
4 30770684
9 101208921
3 68340325
2 68146374
10 97365622
14 37899888
3 35543428
4 8671615
17 80618129
17 16858643
18 9179471
7 129504928
16 76994847
2 78396277
13 74520982
11 51494898
20 12348083
3 134409164
21 22768968
14 40107464
7 77665201
8 59101491
17 80805421
11 89421085
9 811857
16 4109409
6 132317585
2 139564920
1 92074950
1 75248122
14 90417508
1 204187839
9 79814164
6 166905984
15 84572456
2 30921601
7 102591918
7 141473994
18 27741746
2 141526325
4 154291366
15 39303242
3 75429505
19 352084
17 74832946
1 205410423
14 90605436
11 35929058
17 47028526
9 32166713
13 73688655
6 87968565
8 139516516
8 70099995
6 167506726
6 31378768
10 64232042
3 125229258
6 11122226
1 75227643
20 2197908
5 34049539
6 167645406
4 20098887
9 9418816
5 177867408
15 55059808
10 126003481
7 145060163
1 233107541
6 66012134
9 31472488
18 3855618
12 56752154
10 73062488
7 153222975
6 106175652
2 21693244
3 168785079
3 185232649
3 153631009
11 50106598
13 70067929
1 62137112
6 39706983
12 73855119
10 130130399
1 49247730
8 102673483
1 165288280
12 22534058
13 46382340
3 68784966
15 30053684
10 119974827
4 70725698
